# E (eV)   ldos(E)   pdos(E)   
  -6.165  0.241E-06  0.241E-06
  -6.115  0.224E-05  0.224E-05
  -6.065  0.163E-04  0.163E-04
  -6.015  0.934E-04  0.934E-04
  -5.965  0.421E-03  0.421E-03
  -5.915  0.150E-02  0.150E-02
  -5.865  0.428E-02  0.428E-02
  -5.815  0.990E-02  0.990E-02
  -5.765  0.189E-01  0.189E-01
  -5.715  0.308E-01  0.308E-01
  -5.665  0.436E-01  0.436E-01
  -5.615  0.553E-01  0.553E-01
  -5.565  0.648E-01  0.648E-01
  -5.515  0.730E-01  0.730E-01
  -5.465  0.809E-01  0.809E-01
  -5.415  0.875E-01  0.875E-01
  -5.365  0.911E-01  0.911E-01
  -5.315  0.933E-01  0.933E-01
  -5.265  0.976E-01  0.976E-01
  -5.215  0.105E+00  0.105E+00
  -5.165  0.113E+00  0.113E+00
  -5.115  0.115E+00  0.115E+00
  -5.065  0.113E+00  0.113E+00
  -5.015  0.111E+00  0.111E+00
  -4.965  0.115E+00  0.115E+00
  -4.915  0.126E+00  0.126E+00
  -4.865  0.137E+00  0.137E+00
  -4.815  0.140E+00  0.140E+00
  -4.765  0.135E+00  0.135E+00
  -4.715  0.128E+00  0.128E+00
  -4.665  0.128E+00  0.128E+00
  -4.615  0.136E+00  0.136E+00
  -4.565  0.147E+00  0.147E+00
  -4.515  0.157E+00  0.157E+00
  -4.465  0.163E+00  0.163E+00
  -4.415  0.165E+00  0.165E+00
  -4.365  0.160E+00  0.160E+00
  -4.315  0.151E+00  0.151E+00
  -4.265  0.147E+00  0.147E+00
  -4.215  0.154E+00  0.154E+00
  -4.165  0.169E+00  0.169E+00
  -4.115  0.186E+00  0.186E+00
  -4.065  0.197E+00  0.197E+00
  -4.015  0.201E+00  0.201E+00
  -3.965  0.196E+00  0.196E+00
  -3.915  0.186E+00  0.186E+00
  -3.865  0.177E+00  0.177E+00
  -3.815  0.176E+00  0.176E+00
  -3.765  0.190E+00  0.190E+00
  -3.715  0.217E+00  0.217E+00
  -3.665  0.245E+00  0.245E+00
  -3.615  0.264E+00  0.264E+00
  -3.565  0.268E+00  0.268E+00
  -3.515  0.263E+00  0.263E+00
  -3.465  0.254E+00  0.254E+00
  -3.415  0.251E+00  0.251E+00
  -3.365  0.260E+00  0.260E+00
  -3.315  0.280E+00  0.280E+00
  -3.265  0.304E+00  0.304E+00
  -3.215  0.317E+00  0.317E+00
  -3.165  0.309E+00  0.309E+00
  -3.115  0.282E+00  0.282E+00
  -3.065  0.248E+00  0.248E+00
  -3.015  0.227E+00  0.227E+00
  -2.965  0.227E+00  0.227E+00
  -2.915  0.237E+00  0.237E+00
  -2.865  0.243E+00  0.243E+00
  -2.815  0.242E+00  0.242E+00
  -2.765  0.237E+00  0.237E+00
  -2.715  0.228E+00  0.228E+00
  -2.665  0.212E+00  0.212E+00
  -2.615  0.192E+00  0.192E+00
  -2.565  0.180E+00  0.180E+00
  -2.515  0.180E+00  0.180E+00
  -2.465  0.187E+00  0.187E+00
  -2.415  0.190E+00  0.190E+00
  -2.365  0.186E+00  0.186E+00
  -2.315  0.175E+00  0.175E+00
  -2.265  0.157E+00  0.157E+00
  -2.215  0.137E+00  0.137E+00
  -2.165  0.126E+00  0.126E+00
  -2.115  0.127E+00  0.127E+00
  -2.065  0.134E+00  0.134E+00
  -2.015  0.137E+00  0.137E+00
  -1.965  0.132E+00  0.132E+00
  -1.915  0.118E+00  0.118E+00
  -1.865  0.987E-01  0.987E-01
  -1.815  0.773E-01  0.773E-01
  -1.765  0.583E-01  0.583E-01
  -1.715  0.462E-01  0.462E-01
  -1.665  0.430E-01  0.430E-01
  -1.615  0.465E-01  0.465E-01
  -1.565  0.519E-01  0.519E-01
  -1.515  0.539E-01  0.539E-01
  -1.465  0.498E-01  0.498E-01
  -1.415  0.412E-01  0.412E-01
  -1.365  0.326E-01  0.326E-01
  -1.315  0.293E-01  0.293E-01
  -1.265  0.358E-01  0.358E-01
  -1.215  0.562E-01  0.562E-01
  -1.165  0.890E-01  0.890E-01
  -1.115  0.122E+00  0.122E+00
  -1.065  0.137E+00  0.137E+00
  -1.015  0.129E+00  0.129E+00
  -0.965  0.107E+00  0.107E+00
  -0.915  0.921E-01  0.921E-01
  -0.865  0.970E-01  0.970E-01
  -0.815  0.129E+00  0.129E+00
  -0.765  0.181E+00  0.181E+00
  -0.715  0.236E+00  0.236E+00
  -0.665  0.274E+00  0.274E+00
  -0.615  0.284E+00  0.284E+00
  -0.565  0.273E+00  0.273E+00
  -0.515  0.251E+00  0.251E+00
  -0.465  0.228E+00  0.228E+00
  -0.415  0.209E+00  0.209E+00
  -0.365  0.195E+00  0.195E+00
  -0.315  0.185E+00  0.185E+00
  -0.265  0.177E+00  0.177E+00
  -0.215  0.169E+00  0.169E+00
  -0.165  0.158E+00  0.158E+00
  -0.115  0.145E+00  0.145E+00
  -0.065  0.133E+00  0.133E+00
  -0.015  0.128E+00  0.128E+00
   0.035  0.130E+00  0.130E+00
   0.085  0.130E+00  0.130E+00
   0.135  0.121E+00  0.121E+00
   0.185  0.105E+00  0.105E+00
   0.235  0.955E-01  0.955E-01
   0.285  0.972E-01  0.972E-01
   0.335  0.105E+00  0.105E+00
   0.385  0.108E+00  0.108E+00
   0.435  0.102E+00  0.102E+00
   0.485  0.930E-01  0.930E-01
   0.535  0.869E-01  0.869E-01
   0.585  0.855E-01  0.855E-01
   0.635  0.842E-01  0.842E-01
   0.685  0.799E-01  0.799E-01
   0.735  0.751E-01  0.751E-01
   0.785  0.735E-01  0.735E-01
   0.835  0.747E-01  0.747E-01
   0.885  0.743E-01  0.743E-01
   0.935  0.691E-01  0.691E-01
   0.985  0.606E-01  0.606E-01
   1.035  0.546E-01  0.546E-01
   1.085  0.564E-01  0.564E-01
   1.135  0.649E-01  0.649E-01
   1.185  0.729E-01  0.729E-01
   1.235  0.731E-01  0.731E-01
   1.285  0.638E-01  0.638E-01
   1.335  0.501E-01  0.501E-01
   1.385  0.399E-01  0.399E-01
   1.435  0.375E-01  0.375E-01
   1.485  0.422E-01  0.422E-01
   1.535  0.490E-01  0.490E-01
   1.585  0.523E-01  0.523E-01
   1.635  0.492E-01  0.492E-01
   1.685  0.420E-01  0.420E-01
   1.735  0.363E-01  0.363E-01
   1.785  0.368E-01  0.368E-01
   1.835  0.438E-01  0.438E-01
   1.885  0.518E-01  0.518E-01
   1.935  0.552E-01  0.552E-01
   1.985  0.526E-01  0.526E-01
   2.035  0.471E-01  0.471E-01
   2.085  0.427E-01  0.427E-01
   2.135  0.414E-01  0.414E-01
   2.185  0.430E-01  0.430E-01
   2.235  0.455E-01  0.455E-01
   2.285  0.465E-01  0.465E-01
   2.335  0.463E-01  0.463E-01
   2.385  0.472E-01  0.472E-01
   2.435  0.513E-01  0.513E-01
   2.485  0.569E-01  0.569E-01
   2.535  0.605E-01  0.605E-01
   2.585  0.607E-01  0.607E-01
   2.635  0.587E-01  0.587E-01
   2.685  0.558E-01  0.558E-01
   2.735  0.515E-01  0.515E-01
   2.785  0.463E-01  0.463E-01
   2.835  0.424E-01  0.424E-01
   2.885  0.420E-01  0.420E-01
   2.935  0.446E-01  0.446E-01
   2.985  0.472E-01  0.472E-01
   3.035  0.468E-01  0.468E-01
   3.085  0.430E-01  0.430E-01
   3.135  0.388E-01  0.388E-01
   3.185  0.384E-01  0.384E-01
   3.235  0.436E-01  0.436E-01
   3.285  0.514E-01  0.514E-01
   3.335  0.570E-01  0.570E-01
   3.385  0.570E-01  0.570E-01
   3.435  0.518E-01  0.518E-01
   3.485  0.442E-01  0.442E-01
   3.535  0.370E-01  0.370E-01
   3.585  0.316E-01  0.316E-01
   3.635  0.284E-01  0.284E-01
   3.685  0.276E-01  0.276E-01
   3.735  0.290E-01  0.290E-01
   3.785  0.307E-01  0.307E-01
   3.835  0.308E-01  0.308E-01
   3.885  0.290E-01  0.290E-01
   3.935  0.276E-01  0.276E-01
   3.985  0.290E-01  0.290E-01
   4.035  0.331E-01  0.331E-01
   4.085  0.372E-01  0.372E-01
   4.135  0.382E-01  0.382E-01
   4.185  0.353E-01  0.353E-01
   4.235  0.300E-01  0.300E-01
   4.285  0.247E-01  0.247E-01
   4.335  0.204E-01  0.204E-01
   4.385  0.172E-01  0.172E-01
   4.435  0.151E-01  0.151E-01
   4.485  0.144E-01  0.144E-01
   4.535  0.152E-01  0.152E-01
   4.585  0.166E-01  0.166E-01
   4.635  0.176E-01  0.176E-01
   4.685  0.173E-01  0.173E-01
   4.735  0.159E-01  0.159E-01
   4.785  0.145E-01  0.145E-01
   4.835  0.141E-01  0.141E-01
   4.885  0.146E-01  0.146E-01
   4.935  0.148E-01  0.148E-01
   4.985  0.137E-01  0.137E-01
   5.035  0.118E-01  0.118E-01
   5.085  0.101E-01  0.101E-01
   5.135  0.925E-02  0.925E-02
   5.185  0.846E-02  0.846E-02
   5.235  0.726E-02  0.726E-02
   5.285  0.588E-02  0.588E-02
   5.335  0.481E-02  0.481E-02
   5.385  0.410E-02  0.410E-02
   5.435  0.350E-02  0.350E-02
   5.485  0.299E-02  0.299E-02
   5.535  0.282E-02  0.282E-02
   5.585  0.311E-02  0.311E-02
   5.635  0.356E-02  0.356E-02
   5.685  0.377E-02  0.377E-02
   5.735  0.359E-02  0.359E-02
   5.785  0.312E-02  0.312E-02
   5.835  0.248E-02  0.248E-02
   5.885  0.175E-02  0.175E-02
   5.935  0.105E-02  0.105E-02
   5.985  0.518E-03  0.518E-03
   6.035  0.205E-03  0.205E-03
   6.085  0.639E-04  0.639E-04
   6.135  0.156E-04  0.156E-04
   6.185  0.295E-05  0.295E-05
   6.235  0.432E-06  0.432E-06
   6.285  0.514E-07  0.514E-07
   6.335  0.395E-07  0.395E-07
   6.385  0.369E-06  0.369E-06
   6.435  0.296E-05  0.296E-05
   6.485  0.183E-04  0.183E-04
   6.535  0.876E-04  0.876E-04
   6.585  0.328E-03  0.328E-03
   6.635  0.975E-03  0.975E-03
   6.685  0.237E-02  0.237E-02
   6.735  0.488E-02  0.488E-02
   6.785  0.887E-02  0.887E-02
   6.835  0.145E-01  0.145E-01
   6.885  0.210E-01  0.210E-01
   6.935  0.272E-01  0.272E-01
   6.985  0.320E-01  0.320E-01
   7.035  0.359E-01  0.359E-01
   7.085  0.402E-01  0.402E-01
   7.135  0.457E-01  0.457E-01
   7.185  0.527E-01  0.527E-01
   7.235  0.603E-01  0.603E-01
   7.285  0.674E-01  0.674E-01
   7.335  0.725E-01  0.725E-01
   7.385  0.746E-01  0.746E-01
   7.435  0.743E-01  0.743E-01
   7.485  0.738E-01  0.738E-01
   7.535  0.753E-01  0.753E-01
   7.585  0.796E-01  0.796E-01
   7.635  0.860E-01  0.860E-01
   7.685  0.912E-01  0.912E-01
   7.735  0.917E-01  0.917E-01
   7.785  0.867E-01  0.867E-01
   7.835  0.799E-01  0.799E-01
   7.885  0.783E-01  0.783E-01
   7.935  0.881E-01  0.881E-01
   7.985  0.112E+00  0.112E+00
   8.035  0.144E+00  0.144E+00
   8.085  0.174E+00  0.174E+00
   8.135  0.189E+00  0.189E+00
   8.185  0.187E+00  0.187E+00
   8.235  0.178E+00  0.178E+00
   8.285  0.174E+00  0.174E+00
   8.335  0.180E+00  0.180E+00
   8.385  0.195E+00  0.195E+00
   8.435  0.212E+00  0.212E+00
   8.485  0.225E+00  0.225E+00
   8.535  0.230E+00  0.230E+00
   8.585  0.227E+00  0.227E+00
   8.635  0.216E+00  0.216E+00
   8.685  0.199E+00  0.199E+00
   8.735  0.179E+00  0.179E+00
   8.785  0.158E+00  0.158E+00
   8.835  0.139E+00  0.139E+00
   8.885  0.126E+00  0.126E+00
   8.935  0.116E+00  0.116E+00
   8.985  0.109E+00  0.109E+00
   9.035  0.106E+00  0.106E+00
   9.085  0.109E+00  0.109E+00
   9.135  0.115E+00  0.115E+00
   9.185  0.118E+00  0.118E+00
   9.235  0.113E+00  0.113E+00
   9.285  0.104E+00  0.104E+00
   9.335  0.952E-01  0.952E-01
   9.385  0.958E-01  0.958E-01
   9.435  0.107E+00  0.107E+00
   9.485  0.121E+00  0.121E+00
   9.535  0.127E+00  0.127E+00
   9.585  0.117E+00  0.117E+00
   9.635  0.992E-01  0.992E-01
   9.685  0.833E-01  0.833E-01
   9.735  0.770E-01  0.770E-01
   9.785  0.800E-01  0.800E-01
   9.835  0.883E-01  0.883E-01
   9.885  0.975E-01  0.975E-01
   9.935  0.104E+00  0.104E+00
   9.985  0.108E+00  0.108E+00
  10.035  0.109E+00  0.109E+00
  10.085  0.105E+00  0.105E+00
  10.135  0.970E-01  0.970E-01
  10.185  0.837E-01  0.837E-01
  10.235  0.697E-01  0.697E-01
  10.285  0.604E-01  0.604E-01
  10.335  0.587E-01  0.587E-01
  10.385  0.637E-01  0.637E-01
  10.435  0.725E-01  0.725E-01
  10.485  0.821E-01  0.821E-01
  10.535  0.896E-01  0.896E-01
  10.585  0.925E-01  0.925E-01
  10.635  0.890E-01  0.890E-01
  10.685  0.798E-01  0.798E-01
  10.735  0.694E-01  0.694E-01
  10.785  0.644E-01  0.644E-01
  10.835  0.680E-01  0.680E-01
  10.885  0.773E-01  0.773E-01
  10.935  0.853E-01  0.853E-01
  10.985  0.875E-01  0.875E-01
  11.035  0.856E-01  0.856E-01
  11.085  0.844E-01  0.844E-01
  11.135  0.867E-01  0.867E-01
  11.185  0.903E-01  0.903E-01
  11.235  0.909E-01  0.909E-01
  11.285  0.873E-01  0.873E-01
  11.335  0.818E-01  0.818E-01
  11.385  0.765E-01  0.765E-01
  11.435  0.711E-01  0.711E-01
  11.485  0.649E-01  0.649E-01
  11.535  0.589E-01  0.589E-01
  11.585  0.548E-01  0.548E-01
  11.635  0.524E-01  0.524E-01
  11.685  0.504E-01  0.504E-01
  11.735  0.501E-01  0.501E-01
  11.785  0.542E-01  0.542E-01
  11.835  0.643E-01  0.643E-01
  11.885  0.775E-01  0.775E-01
  11.935  0.890E-01  0.890E-01
  11.985  0.952E-01  0.952E-01
  12.035  0.958E-01  0.958E-01
  12.085  0.927E-01  0.927E-01
  12.135  0.879E-01  0.879E-01
  12.185  0.828E-01  0.828E-01
  12.235  0.777E-01  0.777E-01
  12.285  0.718E-01  0.718E-01
  12.335  0.648E-01  0.648E-01
  12.385  0.570E-01  0.570E-01
  12.435  0.491E-01  0.491E-01
  12.485  0.420E-01  0.420E-01
  12.535  0.371E-01  0.371E-01
  12.585  0.355E-01  0.355E-01
  12.635  0.361E-01  0.361E-01
  12.685  0.367E-01  0.367E-01
  12.735  0.364E-01  0.364E-01
  12.785  0.358E-01  0.358E-01
  12.835  0.365E-01  0.365E-01
  12.885  0.390E-01  0.390E-01
  12.935  0.426E-01  0.426E-01
  12.985  0.466E-01  0.466E-01
  13.035  0.510E-01  0.510E-01
  13.085  0.561E-01  0.561E-01
  13.135  0.621E-01  0.621E-01
  13.185  0.687E-01  0.687E-01
  13.235  0.752E-01  0.752E-01
  13.285  0.806E-01  0.806E-01
  13.335  0.829E-01  0.829E-01
  13.385  0.796E-01  0.796E-01
  13.435  0.706E-01  0.706E-01
  13.485  0.594E-01  0.594E-01
  13.535  0.498E-01  0.498E-01
  13.585  0.434E-01  0.434E-01
  13.635  0.401E-01  0.401E-01
  13.685  0.401E-01  0.401E-01
  13.735  0.439E-01  0.439E-01
  13.785  0.499E-01  0.499E-01
  13.835  0.549E-01  0.549E-01
  13.885  0.562E-01  0.562E-01
  13.935  0.531E-01  0.531E-01
  13.985  0.473E-01  0.473E-01
  14.035  0.412E-01  0.412E-01
  14.085  0.366E-01  0.366E-01
  14.135  0.339E-01  0.339E-01
  14.185  0.326E-01  0.326E-01
  14.235  0.322E-01  0.322E-01
  14.285  0.322E-01  0.322E-01
  14.335  0.333E-01  0.333E-01
  14.385  0.375E-01  0.375E-01
  14.435  0.447E-01  0.447E-01
  14.485  0.524E-01  0.524E-01
  14.535  0.573E-01  0.573E-01
  14.585  0.578E-01  0.578E-01
  14.635  0.549E-01  0.549E-01
  14.685  0.505E-01  0.505E-01
  14.735  0.453E-01  0.453E-01
  14.785  0.394E-01  0.394E-01
  14.835  0.335E-01  0.335E-01
  14.885  0.297E-01  0.297E-01
  14.935  0.299E-01  0.299E-01
  14.985  0.336E-01  0.336E-01
  15.035  0.383E-01  0.383E-01
  15.085  0.419E-01  0.419E-01
  15.135  0.436E-01  0.436E-01
  15.185  0.428E-01  0.428E-01
  15.235  0.391E-01  0.391E-01
  15.285  0.337E-01  0.337E-01
  15.335  0.287E-01  0.287E-01
  15.385  0.249E-01  0.249E-01
  15.435  0.223E-01  0.223E-01
  15.485  0.212E-01  0.212E-01
  15.535  0.219E-01  0.219E-01
  15.585  0.238E-01  0.238E-01
  15.635  0.258E-01  0.258E-01
  15.685  0.273E-01  0.273E-01
  15.735  0.289E-01  0.289E-01
  15.785  0.309E-01  0.309E-01
  15.835  0.326E-01  0.326E-01
  15.885  0.326E-01  0.326E-01
  15.935  0.305E-01  0.305E-01
  15.985  0.276E-01  0.276E-01
  16.035  0.260E-01  0.260E-01
  16.085  0.272E-01  0.272E-01
  16.135  0.309E-01  0.309E-01
  16.185  0.350E-01  0.350E-01
  16.235  0.374E-01  0.374E-01
  16.285  0.381E-01  0.381E-01
  16.335  0.382E-01  0.382E-01
  16.385  0.381E-01  0.381E-01
  16.435  0.362E-01  0.362E-01
  16.485  0.314E-01  0.314E-01
  16.535  0.251E-01  0.251E-01
  16.585  0.202E-01  0.202E-01
  16.635  0.179E-01  0.179E-01
  16.685  0.173E-01  0.173E-01
  16.735  0.170E-01  0.170E-01
  16.785  0.161E-01  0.161E-01
  16.835  0.155E-01  0.155E-01
  16.885  0.158E-01  0.158E-01
  16.935  0.169E-01  0.169E-01
  16.985  0.180E-01  0.180E-01
  17.035  0.187E-01  0.187E-01
  17.085  0.195E-01  0.195E-01
  17.135  0.204E-01  0.204E-01
  17.185  0.209E-01  0.209E-01
  17.235  0.205E-01  0.205E-01
  17.285  0.197E-01  0.197E-01
  17.335  0.195E-01  0.195E-01
  17.385  0.201E-01  0.201E-01
  17.435  0.209E-01  0.209E-01
  17.485  0.215E-01  0.215E-01
  17.535  0.227E-01  0.227E-01
  17.585  0.258E-01  0.258E-01
  17.635  0.303E-01  0.303E-01
  17.685  0.343E-01  0.343E-01
  17.735  0.355E-01  0.355E-01
  17.785  0.328E-01  0.328E-01
  17.835  0.269E-01  0.269E-01
  17.885  0.199E-01  0.199E-01
  17.935  0.141E-01  0.141E-01
  17.985  0.107E-01  0.107E-01
  18.035  0.959E-02  0.959E-02
  18.085  0.103E-01  0.103E-01
  18.135  0.118E-01  0.118E-01
  18.185  0.133E-01  0.133E-01
  18.235  0.143E-01  0.143E-01
  18.285  0.148E-01  0.148E-01
  18.335  0.153E-01  0.153E-01
  18.385  0.156E-01  0.156E-01
  18.435  0.155E-01  0.155E-01
  18.485  0.153E-01  0.153E-01
  18.535  0.156E-01  0.156E-01
  18.585  0.167E-01  0.167E-01
  18.635  0.180E-01  0.180E-01
  18.685  0.179E-01  0.179E-01
  18.735  0.160E-01  0.160E-01
  18.785  0.137E-01  0.137E-01
  18.835  0.128E-01  0.128E-01
  18.885  0.143E-01  0.143E-01
  18.935  0.176E-01  0.176E-01
  18.985  0.218E-01  0.218E-01
  19.035  0.257E-01  0.257E-01
  19.085  0.279E-01  0.279E-01
  19.135  0.270E-01  0.270E-01
  19.185  0.233E-01  0.233E-01
  19.235  0.185E-01  0.185E-01
  19.285  0.145E-01  0.145E-01
  19.335  0.118E-01  0.118E-01
  19.385  0.100E-01  0.100E-01
  19.435  0.877E-02  0.877E-02
  19.485  0.763E-02  0.763E-02
  19.535  0.652E-02  0.652E-02
  19.585  0.542E-02  0.542E-02
  19.635  0.450E-02  0.450E-02
  19.685  0.396E-02  0.396E-02
  19.735  0.378E-02  0.378E-02
  19.785  0.373E-02  0.373E-02
  19.835  0.354E-02  0.354E-02
  19.885  0.316E-02  0.316E-02
  19.935  0.275E-02  0.275E-02
  19.985  0.268E-02  0.268E-02
  20.035  0.315E-02  0.315E-02
