# E (eV)   ldos(E)   pdos(E)    pdos(E)    pdos(E)   
  -6.165  0.370E-08  0.123E-08  0.123E-08  0.123E-08
  -6.115  0.405E-07  0.135E-07  0.135E-07  0.135E-07
  -6.065  0.341E-06  0.114E-06  0.114E-06  0.114E-06
  -6.015  0.224E-05  0.746E-06  0.746E-06  0.746E-06
  -5.965  0.115E-04  0.384E-05  0.384E-05  0.384E-05
  -5.915  0.471E-04  0.157E-04  0.157E-04  0.157E-04
  -5.865  0.156E-03  0.520E-04  0.520E-04  0.520E-04
  -5.815  0.428E-03  0.143E-03  0.143E-03  0.143E-03
  -5.765  0.988E-03  0.329E-03  0.329E-03  0.329E-03
  -5.715  0.195E-02  0.651E-03  0.651E-03  0.651E-03
  -5.665  0.335E-02  0.112E-02  0.112E-02  0.112E-02
  -5.615  0.510E-02  0.170E-02  0.170E-02  0.170E-02
  -5.565  0.716E-02  0.239E-02  0.239E-02  0.239E-02
  -5.515  0.956E-02  0.319E-02  0.319E-02  0.319E-02
  -5.465  0.122E-01  0.408E-02  0.408E-02  0.408E-02
  -5.415  0.148E-01  0.493E-02  0.493E-02  0.493E-02
  -5.365  0.170E-01  0.566E-02  0.566E-02  0.566E-02
  -5.315  0.191E-01  0.637E-02  0.637E-02  0.637E-02
  -5.265  0.219E-01  0.731E-02  0.731E-02  0.731E-02
  -5.215  0.256E-01  0.852E-02  0.852E-02  0.852E-02
  -5.165  0.290E-01  0.965E-02  0.965E-02  0.965E-02
  -5.115  0.309E-01  0.103E-01  0.103E-01  0.103E-01
  -5.065  0.317E-01  0.106E-01  0.106E-01  0.106E-01
  -5.015  0.329E-01  0.110E-01  0.110E-01  0.110E-01
  -4.965  0.361E-01  0.120E-01  0.120E-01  0.120E-01
  -4.915  0.413E-01  0.138E-01  0.138E-01  0.138E-01
  -4.865  0.462E-01  0.154E-01  0.154E-01  0.154E-01
  -4.815  0.484E-01  0.161E-01  0.161E-01  0.161E-01
  -4.765  0.478E-01  0.159E-01  0.159E-01  0.159E-01
  -4.715  0.467E-01  0.156E-01  0.156E-01  0.156E-01
  -4.665  0.482E-01  0.161E-01  0.161E-01  0.161E-01
  -4.615  0.526E-01  0.175E-01  0.175E-01  0.175E-01
  -4.565  0.582E-01  0.194E-01  0.194E-01  0.194E-01
  -4.515  0.630E-01  0.210E-01  0.210E-01  0.210E-01
  -4.465  0.666E-01  0.222E-01  0.222E-01  0.222E-01
  -4.415  0.683E-01  0.228E-01  0.228E-01  0.228E-01
  -4.365  0.672E-01  0.224E-01  0.224E-01  0.224E-01
  -4.315  0.645E-01  0.215E-01  0.215E-01  0.215E-01
  -4.265  0.638E-01  0.213E-01  0.213E-01  0.213E-01
  -4.215  0.676E-01  0.225E-01  0.225E-01  0.225E-01
  -4.165  0.752E-01  0.251E-01  0.251E-01  0.251E-01
  -4.115  0.835E-01  0.278E-01  0.278E-01  0.278E-01
  -4.065  0.895E-01  0.298E-01  0.298E-01  0.298E-01
  -4.015  0.915E-01  0.305E-01  0.305E-01  0.305E-01
  -3.965  0.895E-01  0.298E-01  0.298E-01  0.298E-01
  -3.915  0.852E-01  0.284E-01  0.284E-01  0.284E-01
  -3.865  0.812E-01  0.271E-01  0.271E-01  0.271E-01
  -3.815  0.814E-01  0.271E-01  0.271E-01  0.271E-01
  -3.765  0.886E-01  0.295E-01  0.295E-01  0.295E-01
  -3.715  0.101E+00  0.338E-01  0.338E-01  0.338E-01
  -3.665  0.115E+00  0.382E-01  0.382E-01  0.382E-01
  -3.615  0.122E+00  0.408E-01  0.408E-01  0.408E-01
  -3.565  0.123E+00  0.410E-01  0.410E-01  0.410E-01
  -3.515  0.118E+00  0.394E-01  0.394E-01  0.394E-01
  -3.465  0.113E+00  0.376E-01  0.376E-01  0.376E-01
  -3.415  0.111E+00  0.371E-01  0.371E-01  0.371E-01
  -3.365  0.117E+00  0.388E-01  0.388E-01  0.388E-01
  -3.315  0.127E+00  0.424E-01  0.424E-01  0.424E-01
  -3.265  0.139E+00  0.465E-01  0.465E-01  0.465E-01
  -3.215  0.147E+00  0.490E-01  0.490E-01  0.490E-01
  -3.165  0.145E+00  0.483E-01  0.483E-01  0.483E-01
  -3.115  0.134E+00  0.446E-01  0.446E-01  0.446E-01
  -3.065  0.120E+00  0.398E-01  0.398E-01  0.398E-01
  -3.015  0.112E+00  0.372E-01  0.372E-01  0.372E-01
  -2.965  0.113E+00  0.378E-01  0.378E-01  0.378E-01
  -2.915  0.120E+00  0.399E-01  0.399E-01  0.399E-01
  -2.865  0.124E+00  0.414E-01  0.414E-01  0.414E-01
  -2.815  0.125E+00  0.415E-01  0.415E-01  0.415E-01
  -2.765  0.123E+00  0.410E-01  0.410E-01  0.410E-01
  -2.715  0.119E+00  0.398E-01  0.398E-01  0.398E-01
  -2.665  0.112E+00  0.372E-01  0.372E-01  0.372E-01
  -2.615  0.102E+00  0.341E-01  0.341E-01  0.341E-01
  -2.565  0.974E-01  0.325E-01  0.325E-01  0.325E-01
  -2.515  0.998E-01  0.333E-01  0.333E-01  0.333E-01
  -2.465  0.105E+00  0.351E-01  0.351E-01  0.351E-01
  -2.415  0.108E+00  0.360E-01  0.360E-01  0.360E-01
  -2.365  0.106E+00  0.352E-01  0.352E-01  0.352E-01
  -2.315  0.985E-01  0.328E-01  0.328E-01  0.328E-01
  -2.265  0.880E-01  0.293E-01  0.293E-01  0.293E-01
  -2.215  0.778E-01  0.259E-01  0.259E-01  0.259E-01
  -2.165  0.730E-01  0.243E-01  0.243E-01  0.243E-01
  -2.115  0.759E-01  0.253E-01  0.253E-01  0.253E-01
  -2.065  0.823E-01  0.274E-01  0.274E-01  0.274E-01
  -2.015  0.854E-01  0.285E-01  0.285E-01  0.285E-01
  -1.965  0.819E-01  0.273E-01  0.273E-01  0.273E-01
  -1.915  0.729E-01  0.243E-01  0.243E-01  0.243E-01
  -1.865  0.606E-01  0.202E-01  0.202E-01  0.202E-01
  -1.815  0.473E-01  0.158E-01  0.158E-01  0.158E-01
  -1.765  0.361E-01  0.120E-01  0.120E-01  0.120E-01
  -1.715  0.298E-01  0.994E-02  0.994E-02  0.994E-02
  -1.665  0.293E-01  0.976E-02  0.976E-02  0.976E-02
  -1.615  0.329E-01  0.110E-01  0.110E-01  0.110E-01
  -1.565  0.371E-01  0.124E-01  0.124E-01  0.124E-01
  -1.515  0.387E-01  0.129E-01  0.129E-01  0.129E-01
  -1.465  0.358E-01  0.119E-01  0.119E-01  0.119E-01
  -1.415  0.299E-01  0.997E-02  0.997E-02  0.997E-02
  -1.365  0.244E-01  0.814E-02  0.814E-02  0.814E-02
  -1.315  0.228E-01  0.760E-02  0.760E-02  0.760E-02
  -1.265  0.284E-01  0.947E-02  0.947E-02  0.947E-02
  -1.215  0.445E-01  0.148E-01  0.148E-01  0.148E-01
  -1.165  0.703E-01  0.234E-01  0.234E-01  0.234E-01
  -1.115  0.964E-01  0.321E-01  0.321E-01  0.321E-01
  -1.065  0.109E+00  0.364E-01  0.364E-01  0.364E-01
  -1.015  0.104E+00  0.347E-01  0.347E-01  0.347E-01
  -0.965  0.899E-01  0.300E-01  0.300E-01  0.300E-01
  -0.915  0.821E-01  0.274E-01  0.274E-01  0.274E-01
  -0.865  0.954E-01  0.318E-01  0.318E-01  0.318E-01
  -0.815  0.139E+00  0.462E-01  0.462E-01  0.462E-01
  -0.765  0.209E+00  0.697E-01  0.697E-01  0.697E-01
  -0.715  0.289E+00  0.962E-01  0.962E-01  0.962E-01
  -0.665  0.354E+00  0.118E+00  0.118E+00  0.118E+00
  -0.615  0.389E+00  0.130E+00  0.130E+00  0.130E+00
  -0.565  0.391E+00  0.130E+00  0.130E+00  0.130E+00
  -0.515  0.371E+00  0.124E+00  0.124E+00  0.124E+00
  -0.465  0.339E+00  0.113E+00  0.113E+00  0.113E+00
  -0.415  0.305E+00  0.102E+00  0.102E+00  0.102E+00
  -0.365  0.277E+00  0.924E-01  0.924E-01  0.924E-01
  -0.315  0.256E+00  0.854E-01  0.854E-01  0.854E-01
  -0.265  0.241E+00  0.803E-01  0.803E-01  0.803E-01
  -0.215  0.228E+00  0.760E-01  0.760E-01  0.760E-01
  -0.165  0.213E+00  0.712E-01  0.712E-01  0.712E-01
  -0.115  0.196E+00  0.654E-01  0.654E-01  0.654E-01
  -0.065  0.182E+00  0.606E-01  0.606E-01  0.606E-01
  -0.015  0.178E+00  0.593E-01  0.593E-01  0.593E-01
   0.035  0.183E+00  0.609E-01  0.609E-01  0.609E-01
   0.085  0.183E+00  0.609E-01  0.609E-01  0.609E-01
   0.135  0.168E+00  0.560E-01  0.560E-01  0.560E-01
   0.185  0.146E+00  0.486E-01  0.486E-01  0.486E-01
   0.235  0.134E+00  0.445E-01  0.445E-01  0.445E-01
   0.285  0.138E+00  0.459E-01  0.459E-01  0.459E-01
   0.335  0.147E+00  0.492E-01  0.492E-01  0.492E-01
   0.385  0.149E+00  0.496E-01  0.496E-01  0.496E-01
   0.435  0.139E+00  0.462E-01  0.462E-01  0.462E-01
   0.485  0.128E+00  0.425E-01  0.425E-01  0.425E-01
   0.535  0.125E+00  0.417E-01  0.417E-01  0.417E-01
   0.585  0.129E+00  0.430E-01  0.430E-01  0.430E-01
   0.635  0.128E+00  0.427E-01  0.427E-01  0.427E-01
   0.685  0.118E+00  0.394E-01  0.394E-01  0.394E-01
   0.735  0.106E+00  0.355E-01  0.355E-01  0.355E-01
   0.785  0.103E+00  0.342E-01  0.342E-01  0.342E-01
   0.835  0.107E+00  0.357E-01  0.357E-01  0.357E-01
   0.885  0.111E+00  0.371E-01  0.371E-01  0.371E-01
   0.935  0.106E+00  0.353E-01  0.353E-01  0.353E-01
   0.985  0.922E-01  0.307E-01  0.307E-01  0.307E-01
   1.035  0.813E-01  0.271E-01  0.271E-01  0.271E-01
   1.085  0.837E-01  0.279E-01  0.279E-01  0.279E-01
   1.135  0.989E-01  0.330E-01  0.330E-01  0.330E-01
   1.185  0.114E+00  0.382E-01  0.382E-01  0.382E-01
   1.235  0.117E+00  0.389E-01  0.389E-01  0.389E-01
   1.285  0.101E+00  0.338E-01  0.338E-01  0.338E-01
   1.335  0.777E-01  0.259E-01  0.259E-01  0.259E-01
   1.385  0.601E-01  0.200E-01  0.200E-01  0.200E-01
   1.435  0.573E-01  0.191E-01  0.191E-01  0.191E-01
   1.485  0.681E-01  0.227E-01  0.227E-01  0.227E-01
   1.535  0.825E-01  0.275E-01  0.275E-01  0.275E-01
   1.585  0.898E-01  0.299E-01  0.299E-01  0.299E-01
   1.635  0.874E-01  0.291E-01  0.291E-01  0.291E-01
   1.685  0.852E-01  0.284E-01  0.284E-01  0.284E-01
   1.735  0.990E-01  0.330E-01  0.330E-01  0.330E-01
   1.785  0.140E+00  0.467E-01  0.467E-01  0.467E-01
   1.835  0.207E+00  0.691E-01  0.691E-01  0.691E-01
   1.885  0.287E+00  0.956E-01  0.956E-01  0.956E-01
   1.935  0.359E+00  0.120E+00  0.120E+00  0.120E+00
   1.985  0.411E+00  0.137E+00  0.137E+00  0.137E+00
   2.035  0.443E+00  0.148E+00  0.148E+00  0.148E+00
   2.085  0.464E+00  0.155E+00  0.155E+00  0.155E+00
   2.135  0.481E+00  0.160E+00  0.160E+00  0.160E+00
   2.185  0.497E+00  0.166E+00  0.166E+00  0.166E+00
   2.235  0.513E+00  0.171E+00  0.171E+00  0.171E+00
   2.285  0.521E+00  0.174E+00  0.174E+00  0.174E+00
   2.335  0.511E+00  0.170E+00  0.170E+00  0.170E+00
   2.385  0.486E+00  0.162E+00  0.162E+00  0.162E+00
   2.435  0.459E+00  0.153E+00  0.153E+00  0.153E+00
   2.485  0.437E+00  0.146E+00  0.146E+00  0.146E+00
   2.535  0.422E+00  0.141E+00  0.141E+00  0.141E+00
   2.585  0.420E+00  0.140E+00  0.140E+00  0.140E+00
   2.635  0.445E+00  0.148E+00  0.148E+00  0.148E+00
   2.685  0.491E+00  0.164E+00  0.164E+00  0.164E+00
   2.735  0.528E+00  0.176E+00  0.176E+00  0.176E+00
   2.785  0.532E+00  0.177E+00  0.177E+00  0.177E+00
   2.835  0.510E+00  0.170E+00  0.170E+00  0.170E+00
   2.885  0.485E+00  0.162E+00  0.162E+00  0.162E+00
   2.935  0.465E+00  0.155E+00  0.155E+00  0.155E+00
   2.985  0.451E+00  0.150E+00  0.150E+00  0.150E+00
   3.035  0.448E+00  0.149E+00  0.149E+00  0.149E+00
   3.085  0.467E+00  0.156E+00  0.156E+00  0.156E+00
   3.135  0.514E+00  0.171E+00  0.171E+00  0.171E+00
   3.185  0.584E+00  0.195E+00  0.195E+00  0.195E+00
   3.235  0.653E+00  0.218E+00  0.218E+00  0.218E+00
   3.285  0.697E+00  0.232E+00  0.232E+00  0.232E+00
   3.335  0.708E+00  0.236E+00  0.236E+00  0.236E+00
   3.385  0.699E+00  0.233E+00  0.233E+00  0.233E+00
   3.435  0.684E+00  0.228E+00  0.228E+00  0.228E+00
   3.485  0.675E+00  0.225E+00  0.225E+00  0.225E+00
   3.535  0.676E+00  0.225E+00  0.225E+00  0.225E+00
   3.585  0.688E+00  0.229E+00  0.229E+00  0.229E+00
   3.635  0.698E+00  0.233E+00  0.233E+00  0.233E+00
   3.685  0.698E+00  0.233E+00  0.233E+00  0.233E+00
   3.735  0.682E+00  0.227E+00  0.227E+00  0.227E+00
   3.785  0.648E+00  0.216E+00  0.216E+00  0.216E+00
   3.835  0.603E+00  0.201E+00  0.201E+00  0.201E+00
   3.885  0.572E+00  0.191E+00  0.191E+00  0.191E+00
   3.935  0.582E+00  0.194E+00  0.194E+00  0.194E+00
   3.985  0.639E+00  0.213E+00  0.213E+00  0.213E+00
   4.035  0.712E+00  0.237E+00  0.237E+00  0.237E+00
   4.085  0.753E+00  0.251E+00  0.251E+00  0.251E+00
   4.135  0.735E+00  0.245E+00  0.245E+00  0.245E+00
   4.185  0.674E+00  0.225E+00  0.225E+00  0.225E+00
   4.235  0.609E+00  0.203E+00  0.203E+00  0.203E+00
   4.285  0.563E+00  0.188E+00  0.188E+00  0.188E+00
   4.335  0.541E+00  0.180E+00  0.180E+00  0.180E+00
   4.385  0.537E+00  0.179E+00  0.179E+00  0.179E+00
   4.435  0.548E+00  0.183E+00  0.183E+00  0.183E+00
   4.485  0.568E+00  0.189E+00  0.189E+00  0.189E+00
   4.535  0.589E+00  0.196E+00  0.196E+00  0.196E+00
   4.585  0.606E+00  0.202E+00  0.202E+00  0.202E+00
   4.635  0.610E+00  0.203E+00  0.203E+00  0.203E+00
   4.685  0.599E+00  0.200E+00  0.200E+00  0.200E+00
   4.735  0.571E+00  0.190E+00  0.190E+00  0.190E+00
   4.785  0.538E+00  0.179E+00  0.179E+00  0.179E+00
   4.835  0.523E+00  0.174E+00  0.174E+00  0.174E+00
   4.885  0.528E+00  0.176E+00  0.176E+00  0.176E+00
   4.935  0.532E+00  0.177E+00  0.177E+00  0.177E+00
   4.985  0.509E+00  0.170E+00  0.170E+00  0.170E+00
   5.035  0.466E+00  0.155E+00  0.155E+00  0.155E+00
   5.085  0.429E+00  0.143E+00  0.143E+00  0.143E+00
   5.135  0.407E+00  0.136E+00  0.136E+00  0.136E+00
   5.185  0.381E+00  0.127E+00  0.127E+00  0.127E+00
   5.235  0.339E+00  0.113E+00  0.113E+00  0.113E+00
   5.285  0.294E+00  0.980E-01  0.980E-01  0.980E-01
   5.335  0.262E+00  0.873E-01  0.873E-01  0.873E-01
   5.385  0.245E+00  0.816E-01  0.816E-01  0.816E-01
   5.435  0.229E+00  0.764E-01  0.764E-01  0.764E-01
   5.485  0.208E+00  0.693E-01  0.693E-01  0.693E-01
   5.535  0.189E+00  0.631E-01  0.631E-01  0.631E-01
   5.585  0.185E+00  0.617E-01  0.617E-01  0.617E-01
   5.635  0.192E+00  0.639E-01  0.639E-01  0.639E-01
   5.685  0.194E+00  0.646E-01  0.646E-01  0.646E-01
   5.735  0.181E+00  0.605E-01  0.605E-01  0.605E-01
   5.785  0.158E+00  0.527E-01  0.527E-01  0.527E-01
   5.835  0.133E+00  0.445E-01  0.445E-01  0.445E-01
   5.885  0.113E+00  0.377E-01  0.377E-01  0.377E-01
   5.935  0.963E-01  0.321E-01  0.321E-01  0.321E-01
   5.985  0.810E-01  0.270E-01  0.270E-01  0.270E-01
   6.035  0.669E-01  0.223E-01  0.223E-01  0.223E-01
   6.085  0.549E-01  0.183E-01  0.183E-01  0.183E-01
   6.135  0.440E-01  0.147E-01  0.147E-01  0.147E-01
   6.185  0.326E-01  0.109E-01  0.109E-01  0.109E-01
   6.235  0.208E-01  0.694E-02  0.694E-02  0.694E-02
   6.285  0.110E-01  0.366E-02  0.366E-02  0.366E-02
   6.335  0.468E-02  0.156E-02  0.156E-02  0.156E-02
   6.385  0.159E-02  0.532E-03  0.532E-03  0.532E-03
   6.435  0.438E-03  0.146E-03  0.146E-03  0.146E-03
   6.485  0.123E-03  0.409E-04  0.409E-04  0.409E-04
   6.535  0.155E-03  0.518E-04  0.518E-04  0.518E-04
   6.585  0.526E-03  0.175E-03  0.175E-03  0.175E-03
   6.635  0.156E-02  0.521E-03  0.521E-03  0.521E-03
   6.685  0.381E-02  0.127E-02  0.127E-02  0.127E-02
   6.735  0.787E-02  0.262E-02  0.262E-02  0.262E-02
   6.785  0.143E-01  0.478E-02  0.478E-02  0.478E-02
   6.835  0.235E-01  0.784E-02  0.784E-02  0.784E-02
   6.885  0.345E-01  0.115E-01  0.115E-01  0.115E-01
   6.935  0.454E-01  0.151E-01  0.151E-01  0.151E-01
   6.985  0.546E-01  0.182E-01  0.182E-01  0.182E-01
   7.035  0.629E-01  0.210E-01  0.210E-01  0.210E-01
   7.085  0.718E-01  0.239E-01  0.239E-01  0.239E-01
   7.135  0.828E-01  0.276E-01  0.276E-01  0.276E-01
   7.185  0.963E-01  0.321E-01  0.321E-01  0.321E-01
   7.235  0.112E+00  0.372E-01  0.372E-01  0.372E-01
   7.285  0.127E+00  0.425E-01  0.425E-01  0.425E-01
   7.335  0.140E+00  0.468E-01  0.468E-01  0.468E-01
   7.385  0.148E+00  0.493E-01  0.493E-01  0.493E-01
   7.435  0.150E+00  0.500E-01  0.500E-01  0.500E-01
   7.485  0.150E+00  0.501E-01  0.501E-01  0.501E-01
   7.535  0.155E+00  0.516E-01  0.516E-01  0.516E-01
   7.585  0.166E+00  0.555E-01  0.555E-01  0.555E-01
   7.635  0.183E+00  0.611E-01  0.611E-01  0.611E-01
   7.685  0.198E+00  0.659E-01  0.659E-01  0.659E-01
   7.735  0.200E+00  0.665E-01  0.665E-01  0.665E-01
   7.785  0.188E+00  0.628E-01  0.628E-01  0.628E-01
   7.835  0.174E+00  0.581E-01  0.581E-01  0.581E-01
   7.885  0.172E+00  0.573E-01  0.573E-01  0.573E-01
   7.935  0.190E+00  0.633E-01  0.633E-01  0.633E-01
   7.985  0.228E+00  0.761E-01  0.761E-01  0.761E-01
   8.035  0.279E+00  0.929E-01  0.929E-01  0.929E-01
   8.085  0.324E+00  0.108E+00  0.108E+00  0.108E+00
   8.135  0.348E+00  0.116E+00  0.116E+00  0.116E+00
   8.185  0.349E+00  0.116E+00  0.116E+00  0.116E+00
   8.235  0.343E+00  0.114E+00  0.114E+00  0.114E+00
   8.285  0.350E+00  0.117E+00  0.117E+00  0.117E+00
   8.335  0.371E+00  0.124E+00  0.124E+00  0.124E+00
   8.385  0.397E+00  0.132E+00  0.132E+00  0.132E+00
   8.435  0.420E+00  0.140E+00  0.140E+00  0.140E+00
   8.485  0.440E+00  0.147E+00  0.147E+00  0.147E+00
   8.535  0.460E+00  0.153E+00  0.153E+00  0.153E+00
   8.585  0.474E+00  0.158E+00  0.158E+00  0.158E+00
   8.635  0.474E+00  0.158E+00  0.158E+00  0.158E+00
   8.685  0.455E+00  0.152E+00  0.152E+00  0.152E+00
   8.735  0.422E+00  0.141E+00  0.141E+00  0.141E+00
   8.785  0.386E+00  0.129E+00  0.129E+00  0.129E+00
   8.835  0.357E+00  0.119E+00  0.119E+00  0.119E+00
   8.885  0.339E+00  0.113E+00  0.113E+00  0.113E+00
   8.935  0.328E+00  0.109E+00  0.109E+00  0.109E+00
   8.985  0.322E+00  0.107E+00  0.107E+00  0.107E+00
   9.035  0.325E+00  0.108E+00  0.108E+00  0.108E+00
   9.085  0.341E+00  0.114E+00  0.114E+00  0.114E+00
   9.135  0.362E+00  0.121E+00  0.121E+00  0.121E+00
   9.185  0.373E+00  0.124E+00  0.124E+00  0.124E+00
   9.235  0.374E+00  0.125E+00  0.125E+00  0.125E+00
   9.285  0.381E+00  0.127E+00  0.127E+00  0.127E+00
   9.335  0.420E+00  0.140E+00  0.140E+00  0.140E+00
   9.385  0.504E+00  0.168E+00  0.168E+00  0.168E+00
   9.435  0.617E+00  0.206E+00  0.206E+00  0.206E+00
   9.485  0.713E+00  0.238E+00  0.238E+00  0.238E+00
   9.535  0.751E+00  0.250E+00  0.250E+00  0.250E+00
   9.585  0.723E+00  0.241E+00  0.241E+00  0.241E+00
   9.635  0.660E+00  0.220E+00  0.220E+00  0.220E+00
   9.685  0.599E+00  0.200E+00  0.200E+00  0.200E+00
   9.735  0.559E+00  0.186E+00  0.186E+00  0.186E+00
   9.785  0.536E+00  0.179E+00  0.179E+00  0.179E+00
   9.835  0.517E+00  0.172E+00  0.172E+00  0.172E+00
   9.885  0.497E+00  0.166E+00  0.166E+00  0.166E+00
   9.935  0.480E+00  0.160E+00  0.160E+00  0.160E+00
   9.985  0.472E+00  0.157E+00  0.157E+00  0.157E+00
  10.035  0.477E+00  0.159E+00  0.159E+00  0.159E+00
  10.085  0.481E+00  0.160E+00  0.160E+00  0.160E+00
  10.135  0.471E+00  0.157E+00  0.157E+00  0.157E+00
  10.185  0.439E+00  0.146E+00  0.146E+00  0.146E+00
  10.235  0.402E+00  0.134E+00  0.134E+00  0.134E+00
  10.285  0.381E+00  0.127E+00  0.127E+00  0.127E+00
  10.335  0.385E+00  0.128E+00  0.128E+00  0.128E+00
  10.385  0.394E+00  0.131E+00  0.131E+00  0.131E+00
  10.435  0.390E+00  0.130E+00  0.130E+00  0.130E+00
  10.485  0.372E+00  0.124E+00  0.124E+00  0.124E+00
  10.535  0.353E+00  0.118E+00  0.118E+00  0.118E+00
  10.585  0.345E+00  0.115E+00  0.115E+00  0.115E+00
  10.635  0.343E+00  0.114E+00  0.114E+00  0.114E+00
  10.685  0.340E+00  0.113E+00  0.113E+00  0.113E+00
  10.735  0.333E+00  0.111E+00  0.111E+00  0.111E+00
  10.785  0.330E+00  0.110E+00  0.110E+00  0.110E+00
  10.835  0.340E+00  0.113E+00  0.113E+00  0.113E+00
  10.885  0.363E+00  0.121E+00  0.121E+00  0.121E+00
  10.935  0.391E+00  0.130E+00  0.130E+00  0.130E+00
  10.985  0.408E+00  0.136E+00  0.136E+00  0.136E+00
  11.035  0.408E+00  0.136E+00  0.136E+00  0.136E+00
  11.085  0.401E+00  0.134E+00  0.134E+00  0.134E+00
  11.135  0.395E+00  0.132E+00  0.132E+00  0.132E+00
  11.185  0.389E+00  0.130E+00  0.130E+00  0.130E+00
  11.235  0.378E+00  0.126E+00  0.126E+00  0.126E+00
  11.285  0.359E+00  0.120E+00  0.120E+00  0.120E+00
  11.335  0.333E+00  0.111E+00  0.111E+00  0.111E+00
  11.385  0.303E+00  0.101E+00  0.101E+00  0.101E+00
  11.435  0.270E+00  0.901E-01  0.901E-01  0.901E-01
  11.485  0.239E+00  0.795E-01  0.795E-01  0.795E-01
  11.535  0.213E+00  0.710E-01  0.710E-01  0.710E-01
  11.585  0.198E+00  0.660E-01  0.660E-01  0.660E-01
  11.635  0.192E+00  0.641E-01  0.641E-01  0.641E-01
  11.685  0.190E+00  0.633E-01  0.633E-01  0.633E-01
  11.735  0.191E+00  0.636E-01  0.636E-01  0.636E-01
  11.785  0.205E+00  0.682E-01  0.682E-01  0.682E-01
  11.835  0.240E+00  0.799E-01  0.799E-01  0.799E-01
  11.885  0.289E+00  0.965E-01  0.965E-01  0.965E-01
  11.935  0.335E+00  0.112E+00  0.112E+00  0.112E+00
  11.985  0.364E+00  0.121E+00  0.121E+00  0.121E+00
  12.035  0.380E+00  0.127E+00  0.127E+00  0.127E+00
  12.085  0.391E+00  0.130E+00  0.130E+00  0.130E+00
  12.135  0.402E+00  0.134E+00  0.134E+00  0.134E+00
  12.185  0.404E+00  0.135E+00  0.135E+00  0.135E+00
  12.235  0.390E+00  0.130E+00  0.130E+00  0.130E+00
  12.285  0.357E+00  0.119E+00  0.119E+00  0.119E+00
  12.335  0.311E+00  0.104E+00  0.104E+00  0.104E+00
  12.385  0.260E+00  0.868E-01  0.868E-01  0.868E-01
  12.435  0.212E+00  0.705E-01  0.705E-01  0.705E-01
  12.485  0.169E+00  0.565E-01  0.565E-01  0.565E-01
  12.535  0.141E+00  0.470E-01  0.470E-01  0.470E-01
  12.585  0.131E+00  0.437E-01  0.437E-01  0.437E-01
  12.635  0.137E+00  0.456E-01  0.456E-01  0.456E-01
  12.685  0.146E+00  0.488E-01  0.488E-01  0.488E-01
  12.735  0.149E+00  0.497E-01  0.497E-01  0.497E-01
  12.785  0.143E+00  0.478E-01  0.478E-01  0.478E-01
  12.835  0.138E+00  0.458E-01  0.458E-01  0.458E-01
  12.885  0.141E+00  0.470E-01  0.470E-01  0.470E-01
  12.935  0.156E+00  0.520E-01  0.520E-01  0.520E-01
  12.985  0.176E+00  0.586E-01  0.586E-01  0.586E-01
  13.035  0.196E+00  0.653E-01  0.653E-01  0.653E-01
  13.085  0.218E+00  0.728E-01  0.728E-01  0.728E-01
  13.135  0.249E+00  0.829E-01  0.829E-01  0.829E-01
  13.185  0.289E+00  0.963E-01  0.963E-01  0.963E-01
  13.235  0.336E+00  0.112E+00  0.112E+00  0.112E+00
  13.285  0.383E+00  0.128E+00  0.128E+00  0.128E+00
  13.335  0.411E+00  0.137E+00  0.137E+00  0.137E+00
  13.385  0.403E+00  0.134E+00  0.134E+00  0.134E+00
  13.435  0.350E+00  0.117E+00  0.117E+00  0.117E+00
  13.485  0.272E+00  0.907E-01  0.907E-01  0.907E-01
  13.535  0.199E+00  0.662E-01  0.662E-01  0.662E-01
  13.585  0.149E+00  0.495E-01  0.495E-01  0.495E-01
  13.635  0.123E+00  0.408E-01  0.408E-01  0.408E-01
  13.685  0.114E+00  0.381E-01  0.381E-01  0.381E-01
  13.735  0.119E+00  0.397E-01  0.397E-01  0.397E-01
  13.785  0.133E+00  0.443E-01  0.443E-01  0.443E-01
  13.835  0.147E+00  0.490E-01  0.490E-01  0.490E-01
  13.885  0.154E+00  0.513E-01  0.513E-01  0.513E-01
  13.935  0.152E+00  0.507E-01  0.507E-01  0.507E-01
  13.985  0.147E+00  0.489E-01  0.489E-01  0.489E-01
  14.035  0.145E+00  0.484E-01  0.484E-01  0.484E-01
  14.085  0.151E+00  0.503E-01  0.503E-01  0.503E-01
  14.135  0.162E+00  0.539E-01  0.539E-01  0.539E-01
  14.185  0.172E+00  0.573E-01  0.573E-01  0.573E-01
  14.235  0.174E+00  0.582E-01  0.582E-01  0.582E-01
  14.285  0.168E+00  0.561E-01  0.561E-01  0.561E-01
  14.335  0.165E+00  0.551E-01  0.551E-01  0.551E-01
  14.385  0.185E+00  0.615E-01  0.615E-01  0.615E-01
  14.435  0.235E+00  0.784E-01  0.784E-01  0.784E-01
  14.485  0.299E+00  0.998E-01  0.998E-01  0.998E-01
  14.535  0.341E+00  0.114E+00  0.114E+00  0.114E+00
  14.585  0.335E+00  0.112E+00  0.112E+00  0.112E+00
  14.635  0.286E+00  0.954E-01  0.954E-01  0.954E-01
  14.685  0.223E+00  0.742E-01  0.742E-01  0.742E-01
  14.735  0.168E+00  0.559E-01  0.559E-01  0.559E-01
  14.785  0.128E+00  0.426E-01  0.426E-01  0.426E-01
  14.835  0.995E-01  0.332E-01  0.332E-01  0.332E-01
  14.885  0.811E-01  0.270E-01  0.270E-01  0.270E-01
  14.935  0.743E-01  0.248E-01  0.248E-01  0.248E-01
  14.985  0.782E-01  0.261E-01  0.261E-01  0.261E-01
  15.035  0.883E-01  0.294E-01  0.294E-01  0.294E-01
  15.085  0.993E-01  0.331E-01  0.331E-01  0.331E-01
  15.135  0.108E+00  0.359E-01  0.359E-01  0.359E-01
  15.185  0.113E+00  0.376E-01  0.376E-01  0.376E-01
  15.235  0.116E+00  0.386E-01  0.386E-01  0.386E-01
  15.285  0.121E+00  0.405E-01  0.405E-01  0.405E-01
  15.335  0.132E+00  0.439E-01  0.439E-01  0.439E-01
  15.385  0.142E+00  0.474E-01  0.474E-01  0.474E-01
  15.435  0.147E+00  0.490E-01  0.490E-01  0.490E-01
  15.485  0.146E+00  0.486E-01  0.486E-01  0.486E-01
  15.535  0.144E+00  0.480E-01  0.480E-01  0.480E-01
  15.585  0.144E+00  0.481E-01  0.481E-01  0.481E-01
  15.635  0.146E+00  0.487E-01  0.487E-01  0.487E-01
  15.685  0.147E+00  0.490E-01  0.490E-01  0.490E-01
  15.735  0.147E+00  0.491E-01  0.491E-01  0.491E-01
  15.785  0.147E+00  0.491E-01  0.491E-01  0.491E-01
  15.835  0.143E+00  0.476E-01  0.476E-01  0.476E-01
  15.885  0.129E+00  0.431E-01  0.431E-01  0.431E-01
  15.935  0.108E+00  0.360E-01  0.360E-01  0.360E-01
  15.985  0.864E-01  0.288E-01  0.288E-01  0.288E-01
  16.035  0.737E-01  0.246E-01  0.246E-01  0.246E-01
  16.085  0.746E-01  0.249E-01  0.249E-01  0.249E-01
  16.135  0.864E-01  0.288E-01  0.288E-01  0.288E-01
  16.185  0.101E+00  0.335E-01  0.335E-01  0.335E-01
  16.235  0.108E+00  0.361E-01  0.361E-01  0.361E-01
  16.285  0.108E+00  0.361E-01  0.361E-01  0.361E-01
  16.335  0.104E+00  0.348E-01  0.348E-01  0.348E-01
  16.385  0.993E-01  0.331E-01  0.331E-01  0.331E-01
  16.435  0.914E-01  0.305E-01  0.305E-01  0.305E-01
  16.485  0.785E-01  0.262E-01  0.262E-01  0.262E-01
  16.535  0.646E-01  0.215E-01  0.215E-01  0.215E-01
  16.585  0.577E-01  0.192E-01  0.192E-01  0.192E-01
  16.635  0.627E-01  0.209E-01  0.209E-01  0.209E-01
  16.685  0.762E-01  0.254E-01  0.254E-01  0.254E-01
  16.735  0.888E-01  0.296E-01  0.296E-01  0.296E-01
  16.785  0.929E-01  0.310E-01  0.310E-01  0.310E-01
  16.835  0.881E-01  0.294E-01  0.294E-01  0.294E-01
  16.885  0.803E-01  0.268E-01  0.268E-01  0.268E-01
  16.935  0.761E-01  0.254E-01  0.254E-01  0.254E-01
  16.985  0.785E-01  0.262E-01  0.262E-01  0.262E-01
  17.035  0.871E-01  0.290E-01  0.290E-01  0.290E-01
  17.085  0.100E+00  0.333E-01  0.333E-01  0.333E-01
  17.135  0.113E+00  0.375E-01  0.375E-01  0.375E-01
  17.185  0.119E+00  0.396E-01  0.396E-01  0.396E-01
  17.235  0.116E+00  0.386E-01  0.386E-01  0.386E-01
  17.285  0.106E+00  0.354E-01  0.354E-01  0.354E-01
  17.335  0.951E-01  0.317E-01  0.317E-01  0.317E-01
  17.385  0.864E-01  0.288E-01  0.288E-01  0.288E-01
  17.435  0.803E-01  0.268E-01  0.268E-01  0.268E-01
  17.485  0.769E-01  0.256E-01  0.256E-01  0.256E-01
  17.535  0.782E-01  0.261E-01  0.261E-01  0.261E-01
  17.585  0.854E-01  0.285E-01  0.285E-01  0.285E-01
  17.635  0.952E-01  0.317E-01  0.317E-01  0.317E-01
  17.685  0.102E+00  0.339E-01  0.339E-01  0.339E-01
  17.735  0.101E+00  0.335E-01  0.335E-01  0.335E-01
  17.785  0.920E-01  0.307E-01  0.307E-01  0.307E-01
  17.835  0.784E-01  0.261E-01  0.261E-01  0.261E-01
  17.885  0.625E-01  0.208E-01  0.208E-01  0.208E-01
  17.935  0.482E-01  0.161E-01  0.161E-01  0.161E-01
  17.985  0.393E-01  0.131E-01  0.131E-01  0.131E-01
  18.035  0.379E-01  0.126E-01  0.126E-01  0.126E-01
  18.085  0.436E-01  0.145E-01  0.145E-01  0.145E-01
  18.135  0.530E-01  0.177E-01  0.177E-01  0.177E-01
  18.185  0.625E-01  0.208E-01  0.208E-01  0.208E-01
  18.235  0.705E-01  0.235E-01  0.235E-01  0.235E-01
  18.285  0.771E-01  0.257E-01  0.257E-01  0.257E-01
  18.335  0.823E-01  0.274E-01  0.274E-01  0.274E-01
  18.385  0.848E-01  0.283E-01  0.283E-01  0.283E-01
  18.435  0.829E-01  0.276E-01  0.276E-01  0.276E-01
  18.485  0.765E-01  0.255E-01  0.255E-01  0.255E-01
  18.535  0.685E-01  0.228E-01  0.228E-01  0.228E-01
  18.585  0.627E-01  0.209E-01  0.209E-01  0.209E-01
  18.635  0.599E-01  0.200E-01  0.200E-01  0.200E-01
  18.685  0.568E-01  0.189E-01  0.189E-01  0.189E-01
  18.735  0.508E-01  0.169E-01  0.169E-01  0.169E-01
  18.785  0.437E-01  0.146E-01  0.146E-01  0.146E-01
  18.835  0.397E-01  0.132E-01  0.132E-01  0.132E-01
  18.885  0.415E-01  0.138E-01  0.138E-01  0.138E-01
  18.935  0.487E-01  0.162E-01  0.162E-01  0.162E-01
  18.985  0.601E-01  0.200E-01  0.200E-01  0.200E-01
  19.035  0.735E-01  0.245E-01  0.245E-01  0.245E-01
  19.085  0.848E-01  0.283E-01  0.283E-01  0.283E-01
  19.135  0.886E-01  0.295E-01  0.295E-01  0.295E-01
  19.185  0.837E-01  0.279E-01  0.279E-01  0.279E-01
  19.235  0.747E-01  0.249E-01  0.249E-01  0.249E-01
  19.285  0.671E-01  0.224E-01  0.224E-01  0.224E-01
  19.335  0.623E-01  0.208E-01  0.208E-01  0.208E-01
  19.385  0.582E-01  0.194E-01  0.194E-01  0.194E-01
  19.435  0.523E-01  0.174E-01  0.174E-01  0.174E-01
  19.485  0.448E-01  0.149E-01  0.149E-01  0.149E-01
  19.535  0.378E-01  0.126E-01  0.126E-01  0.126E-01
  19.585  0.334E-01  0.111E-01  0.111E-01  0.111E-01
  19.635  0.323E-01  0.108E-01  0.108E-01  0.108E-01
  19.685  0.341E-01  0.114E-01  0.114E-01  0.114E-01
  19.735  0.368E-01  0.123E-01  0.123E-01  0.123E-01
  19.785  0.376E-01  0.125E-01  0.125E-01  0.125E-01
  19.835  0.349E-01  0.116E-01  0.116E-01  0.116E-01
  19.885  0.288E-01  0.959E-02  0.959E-02  0.959E-02
  19.935  0.211E-01  0.703E-02  0.703E-02  0.703E-02
  19.985  0.145E-01  0.484E-02  0.484E-02  0.484E-02
  20.035  0.110E-01  0.368E-02  0.368E-02  0.368E-02
